acc:0.75	f1:0.7535545023696683	precision:0.7571428571428571	recall:0.75
f1_real:0.7692307692307692	precision_real:0.7142857142857143	recall_real:0.8333333333333334
f1_fake:0.7272727272727272	precision_fake:0.8	recall_fake:0.6666666666666666


