acc:0.9444444444444444	f1:0.9472140762463342	precision:0.95	recall:0.9444444444444444
f1_real:0.9411764705882353	precision_real:1.0	recall_real:0.8888888888888888
f1_fake:0.9473684210526316	precision_fake:0.9	recall_fake:1.0


