acc:0.75	f1:0.7490462060194998	precision:0.7530364372469636	recall:0.7450980392156863
f1_real:0.7777777777777778	precision_real:0.7368421052631579	recall_real:0.8235294117647058
f1_fake:0.7142857142857142	precision_fake:0.7692307692307693	recall_fake:0.6666666666666666


